SIZES
  nstack                1835008
  nbuffer               46000
  nplugin               0
  maxuse_stack          2299
  maxuse_arena          61548
  maxuse_con            11
  maxuse_efc            47
  solver_iter           1
  solver_nnz            729
  nbodypair_broad       27
  nbodypair_narrow      7
  ngeompair_mid         28
  ngeompair_narrow      7
  ne                    0
  nf                    0
  nefc                  38
  nnzJ                  1026
  ncon                  9

TIMER
    0:  duration =  0.36       number = 3
    1:  duration =  0.35       number = 3
    2:  duration =  0          number = 0
    3:  duration =  0.22       number = 3
    4:  duration =  0.015      number = 3
    5:  duration =  0.0038     number = 3
    6:  duration =  0.0062     number = 3
    7:  duration =  0.094      number = 3
    8:  duration =  0.043      number = 3
    9:  duration =  0.043      number = 3
    10:  duration =  0.1        number = 3
    11:  duration =  0.033      number = 3
    12:  duration =  0.00035    number = 3

SOLVER STAT
  solver_iter = 1
  solver_nnz = 729
    0:  improvement =  7.7e-15   gradient =  3.5e-16   lineslope =  0       
        nactive = 38   nchange = 0   neval = 2   nupdate = 0
solver_fwdinv =   0         0       

ENERGY =   0         0       

TIME =  32      

QPOS
   1.2     
   0.09    
   0.11    
   0.65    
  -0.14    
   0.74    
  -0.13    
   0.47    
  -0.44    
  -0.27    
   0.14    
   0.28    
   0.33    
  -0.22    
   0.25    
  -0.14    
   0.014   
  -0.019   
   0.33    
  -0.18    
   0.26    
   0.075   
   0.52    
  -0.18    
  -1.8     
   0.66    
  -0.53    
  -1.8     

QVEL
   0.00031 
   0.0012  
   5.2e-05 
  -0.0081  
  -0.003   
  -0.0023  
  -0.0015  
  -0.00097 
   0.0087  
   0.0088  
  -0.0013  
  -0.00031 
   0.00052 
   0.0016  
   0.0037  
  -0.0035  
   0.003   
  -3.5e-05 
   0.00044 
   0.0012  
  -0.0025  
   0.005   
   0.0009  
   1.3e-06 
  -0.0054  
  -0.0049  
  -2e-06   

QACC_WARMSTART
  -4.6e-05 
  -2.3e-05 
   1.4e-05 
   0.00011 
   0.00012 
   6.2e-05 
   7.2e-05 
  -0.0002  
  -0.00021 
  -0.00032 
  -0.00084 
   8.7e-05 
   4.6e-05 
  -0.00018 
  -8.4e-05 
  -0.00012 
  -0.00054 
   0.00018 
  -4.2e-05 
  -0.00017 
   0.00015 
  -0.00017 
   6.8e-05 
   1.7e-06 
  -1.5e-05 
   0.00016 
   8e-06   

CTRL
  -0.44    
   0.21    
   0.08    
   0.26    
   0       
   0       
   0       
   0       
   0       
   0       
   0       
   0       
   0       
   0       
   0       
   0       
   0       
   0       
   0       
   0       
   0       

QFRC_APPLIED
   0       
   0       
   0       
   0       
   0       
   0       
   0       
   0       
   0       
   0       
   0       
   0       
   0       
   0       
   0       
   0       
   0       
   0       
   0       
   0       
   0       
   0       
   0       
   0       
   0       
   0       
   0       

XFRC_APPLIED
   0         0         0         0         0         0       
   0         0         0         0         0         0       
   0         0         0         0         0         0       
   0         0         0         0         0         0       
   0         0         0         0         0         0       
   0         0         0         0         0         0       
   0         0         0         0         0         0       
   0         0         0         0         0         0       
   0         0         0         0         0         0       
   0         0         0         0         0         0       
   0         0         0         0         0         0       
   0         0         0         0         0         0       
   0         0         0         0         0         0       
   0         0         0         0         0         0       
   0         0         0         0         0         0       
   0         0         0         0         0         0       
   0         0         0         0         0         0       

QACC
  -4.6e-05 
  -2.3e-05 
   1.4e-05 
   0.00011 
   0.00012 
   6.2e-05 
   7.2e-05 
  -0.0002  
  -0.00021 
  -0.00032 
  -0.00084 
   8.7e-05 
   4.6e-05 
  -0.00018 
  -8.4e-05 
  -0.00012 
  -0.00054 
   0.00018 
  -4.2e-05 
  -0.00017 
   0.00015 
  -0.00017 
   6.8e-05 
   1.7e-06 
  -1.5e-05 
   0.00016 
   8e-06   

XPOS
   0         0         0       
   1.2       0.09      0.11    
   1.4       0.086     0.09    
   0.93      0.1       0.13    
   0.78      0.083     0.073   
   0.76     -0.023     0.06    
   0.37     -0.088     0.063   
   0.0062   -0.19      0.16    
   0.72      0.17      0.06    
   0.33      0.063     0.063   
  -0.033    -0.033     0.15    
   1.2      -0.069     0.17    
   0.96     -0.17      0.13    
   0.67     -0.26      0.04    
   1.2       0.25      0.042   
   0.94      0.32      0.059   
   0.63      0.36      0.04    

XQUAT
   1         0         0         0       
   0.65     -0.14      0.74     -0.13    
   0.65     -0.14      0.74     -0.13    
   0.81      0.044     0.58      0.014   
   0.81     -0.067     0.58      0.093   
   0.69      0.044     0.7       0.17    
   0.61      0.025     0.77      0.18    
   0.51     -0.055     0.83      0.21    
   0.7      -0.083     0.7       0.092   
   0.63     -0.091     0.76      0.084   
   0.53     -0.13      0.83      0.091   
   0.53      0.063     0.81     -0.26    
  -0.24     -0.26      0.84     -0.42    
  -0.24     -0.26      0.84     -0.42    
   0.3      -0.22      0.93     -0.018   
  -0.3       0.38      0.88      0.037   
  -0.3       0.38      0.88      0.037   

XMAT
   1         0         0         0         1         0         0         0         1       
  -0.12     -0.028     0.99     -0.37      0.93     -0.019    -0.92     -0.37     -0.12    
  -0.12     -0.028     0.99     -0.37      0.93     -0.019    -0.92     -0.37     -0.12    
   0.32      0.029     0.95      0.073     1        -0.055    -0.95      0.087     0.31    
   0.32     -0.23      0.92      0.073     0.97      0.21     -0.95     -0.00034   0.32    
  -0.047    -0.18      0.98      0.3       0.94      0.18     -0.95      0.3       0.0089  
  -0.26     -0.18      0.95      0.25      0.94      0.24     -0.93      0.3      -0.2     
  -0.47     -0.31      0.82      0.13      0.9       0.41     -0.87      0.3      -0.39    
  -0.0038   -0.25      0.97      0.013     0.97      0.25     -1         0.013    -0.00056 
  -0.18     -0.25      0.95     -0.031     0.97      0.24     -0.98      0.013    -0.18    
  -0.41     -0.32      0.85     -0.13      0.95      0.29     -0.9       0.012    -0.43    
  -0.43      0.38      0.82     -0.17      0.86     -0.49     -0.88     -0.35     -0.31    
  -0.75     -0.63     -0.19     -0.23      0.52     -0.82      0.62     -0.58     -0.53    
  -0.75     -0.63     -0.19     -0.23      0.52     -0.82      0.62     -0.58     -0.53    
  -0.72     -0.39      0.57     -0.41      0.91      0.097    -0.56     -0.16     -0.81    
  -0.54      0.68     -0.5       0.64      0.71      0.29      0.55     -0.16     -0.82    
  -0.54      0.68     -0.5       0.64      0.71      0.29      0.55     -0.16     -0.82    

XIPOS
   0         0         0       
   1.1       0.092     0.12    
   1.4       0.086     0.09    
   0.93      0.1       0.13    
   0.77      0.081     0.092   
   0.59     -0.05      0.06    
   0.23     -0.12      0.093   
  -0.01     -0.19      0.13    
   0.55      0.12      0.06    
   0.19      0.027     0.09    
  -0.047    -0.038     0.12    
   1.1      -0.11      0.15    
   0.81     -0.22      0.084   
   0.67     -0.26      0.04    
   1.1       0.28      0.049   
   0.78      0.34      0.049   
   0.63      0.36      0.04    

XIMAT
   1         0         0         0         1         0         0         0         1       
  -0.2      -0.028     0.98     -0.37      0.93     -0.05     -0.91     -0.37     -0.2     
  -0.12     -0.028     0.99     -0.37      0.93     -0.019    -0.92     -0.37     -0.12    
   0.32      0.95     -0.029     0.073    -0.055    -1        -0.95      0.31     -0.087   
   0.32      0.92      0.23      0.073     0.21     -0.97     -0.95      0.32      0.00034 
  -0.047    -0.15      0.99      0.3       0.94      0.15     -0.95      0.3       8.6e-06 
  -0.26     -0.18      0.95      0.25      0.94      0.24     -0.93      0.3      -0.2     
   0.82      0.31     -0.47      0.41     -0.9       0.13     -0.39     -0.3      -0.87    
  -0.0038   -0.27      0.96      0.013     0.96      0.27     -1         0.013    -0.00017 
  -0.18     -0.25      0.95     -0.031     0.97      0.24     -0.98      0.013    -0.18    
   0.85      0.32     -0.41      0.29     -0.95     -0.13     -0.43     -0.012    -0.9     
   0.21     -0.27      0.94     -0.23      0.92      0.31     -0.95     -0.29      0.13    
   0.23      0.35      0.91     -0.93     -0.19      0.31      0.28     -0.92      0.28    
  -0.35     -0.23     -0.91      0.19      0.93     -0.31      0.92     -0.28     -0.28    
  -0.16      0.18      0.97     -0.46      0.86     -0.23     -0.87     -0.48     -0.053   
   0.14      0.006     0.99      0.87      0.49     -0.12     -0.48      0.87      0.061   
   0.006     0.14     -0.99      0.49      0.87      0.12      0.87     -0.48     -0.061   

XANCHOR
   1.2       0.09      0.11    
   0.99      0.097     0.15    
   0.99      0.097     0.15    
   0.87      0.1       0.11    
   0.76     -0.023     0.06    
   0.76     -0.023     0.06    
   0.76     -0.023     0.06    
   0.39     -0.083     0.06    
   0.073    -0.16      0.13    
   0.039    -0.17      0.14    
   0.72      0.17      0.06    
   0.72      0.17      0.06    
   0.72      0.17      0.06    
   0.35      0.068     0.06    
   0.036    -0.012     0.12    
   0.0014   -0.021     0.14    
   1.2      -0.069     0.17    
   1.2      -0.069     0.17    
   0.96     -0.17      0.13    
   1.2       0.25      0.042   
   1.2       0.25      0.042   
   0.94      0.32      0.059   

XAXIS
   0         0         1       
   0.99     -0.019    -0.12    
   0.029     1         0.087   
   0.32      0.073    -0.95    
   0.32      0.073    -0.95    
   0.94      0.073     0.32    
  -0.18      0.94      0.3     
   0.18     -0.94     -0.3     
  -0.18      0.94      0.3     
  -0.056     0.3      -0.95    
  -0.32     -0.073     0.95    
  -0.92     -0.23     -0.32    
  -0.25      0.97      0.013   
   0.25     -0.97     -0.013   
  -0.25      0.97      0.013   
  -0.015    -0.018     1       
   0.3       0.066    -0.95    
   0.31     -0.95      0.031   
   0.31     -0.95      0.031   
  -0.32      0.69      0.65    
  -0.13     -0.71      0.69    
  -0.13     -0.71      0.69    

GEOM_XPOS
   0         0         0       
   1.2       0.09      0.11    
   1.1       0.096     0.14    
   1.4       0.086     0.09    
   0.93      0.1       0.13    
   0.77      0.081     0.092   
   0.59     -0.05      0.06    
   0.23     -0.12      0.093   
  -0.0042   -0.21      0.12    
  -0.017    -0.17      0.13    
   0.55      0.12      0.06    
   0.19      0.027     0.09    
  -0.041    -0.056     0.12    
  -0.053    -0.019     0.12    
   1.1      -0.11      0.15    
   0.81     -0.22      0.084   
   0.67     -0.26      0.04    
   1.1       0.28      0.049   
   0.78      0.34      0.049   
   0.63      0.36      0.04    

GEOM_XMAT
   1         0         0         0         1         0         0         0         1       
  -0.12      0.99      0.028    -0.37     -0.019    -0.93     -0.92     -0.12      0.37    
  -0.12      0.99      0.028    -0.37     -0.019    -0.93     -0.92     -0.12      0.37    
  -0.12     -0.028     0.99     -0.37      0.93     -0.019    -0.92     -0.37     -0.12    
   0.32      0.95     -0.029     0.073    -0.055    -1        -0.95      0.31     -0.087   
   0.32      0.92      0.23      0.073     0.21     -0.97     -0.95      0.32      0.00034 
  -0.047    -0.15      0.99      0.3       0.94      0.15     -0.95      0.3       8.6e-06 
  -0.26     -0.18      0.95      0.25      0.94      0.24     -0.93      0.3      -0.2     
   0.79     -0.43      0.44      0.5       0.87     -0.041    -0.37      0.25      0.9     
   0.85     -0.19      0.5       0.33      0.92     -0.21     -0.42      0.34      0.84    
  -0.0038   -0.27      0.96      0.013     0.96      0.27     -1         0.013    -0.00017 
  -0.18     -0.25      0.95     -0.031     0.97      0.24     -0.98      0.013    -0.18    
   0.82     -0.43      0.38      0.38      0.9       0.22     -0.43     -0.033     0.9     
   0.88     -0.2       0.44      0.2       0.98      0.036    -0.44      0.056     0.9     
   0.21     -0.27      0.94     -0.23      0.92      0.31     -0.95     -0.29      0.13    
   0.23      0.35      0.91     -0.93     -0.19      0.31      0.28     -0.92      0.28    
  -0.35     -0.23     -0.91      0.19      0.93     -0.31      0.92     -0.28     -0.28    
  -0.16      0.18      0.97     -0.46      0.86     -0.23     -0.87     -0.48     -0.053   
   0.14      0.006     0.99      0.87      0.49     -0.12     -0.48      0.87      0.061   
   0.006     0.14     -0.99      0.49      0.87      0.12      0.87     -0.48     -0.061   

CAM_XPOS
  -2.3       0.044     1.5     
   0.72     -3         1.5     
   1.4       0.052     0.0068  

CAM_XMAT
  -5.6e-17   0.45     -0.89     -1         5.6e-17   5.6e-17   5.6e-17   0.89      0.45    
   1         0         0         0         0.45     -0.89      0         0.89      0.45    
   0.028     0.98      0.22     -0.93     -0.056     0.37      0.37     -0.21      0.9     

LIGHT_XPOS
   0        -6         4       
   0.72      0.044     2.5     

LIGHT_XDIR
   0.1       0.84     -0.54    
   0         0        -1       

SUBTREE_COM
   0.74      0.044     0.091   
   0.74      0.044     0.091   
   1.4       0.086     0.09    
   0.52      0.023     0.086   
   0.49      0.016     0.082   
   0.4      -0.091     0.079   
   0.16     -0.14      0.1     
  -0.01     -0.19      0.13    
   0.36      0.072     0.078   
   0.12      0.0081    0.1     
  -0.047    -0.038     0.12    
   0.98     -0.16      0.12    
   0.78     -0.23      0.074   
   0.67     -0.26      0.04    
   0.95      0.3       0.048   
   0.75      0.34      0.047   
   0.63      0.36      0.04    

CDOF
   0         0         0         1         0         0       
   0         0         0         0         1         0       
   0         0         0         0         0         1       
  -0.12     -0.37     -0.92     -0.033     0.41     -0.16    
  -0.028     0.93     -0.37     -0.037     0.17      0.41    
   0.99     -0.019    -0.12     -0.0051    0.076    -0.053   
   0.99     -0.019    -0.12     -0.0054    0.085    -0.057   
   0.029     1         0.087    -0.05     -0.02      0.25    
   0.32      0.073    -0.95     -0.057     0.13     -0.0093  
   0.32      0.073    -0.95      0.066     0.013     0.023   
   0.94      0.073     0.32     -0.019    -0.037     0.066   
  -0.18      0.94      0.3       0.0085   -0.0018    0.01    
   0.18     -0.94     -0.3       0.0092   -0.11      0.35    
  -0.18      0.94      0.3      -0.095     0.2      -0.66    
  -0.056     0.3      -0.95      0.19     -0.67     -0.22    
  -0.32     -0.073     0.95      0.12      0.03      0.042   
  -0.92     -0.23     -0.32     -0.048     0.022     0.12    
  -0.25      0.97      0.013     0.032     0.008     0.01    
   0.25     -0.97     -0.013    -0.03     -0.013     0.37    
  -0.25      0.97      0.013    -0.028     0.0025   -0.69    
  -0.015    -0.018     1        -0.065     0.74      0.012   
   0.3       0.066    -0.95      0.1       0.51      0.067   
   0.31     -0.95      0.031     0.07      0.0085   -0.45    
   0.31     -0.95      0.031     0.029     0.0049   -0.14    
  -0.32      0.69      0.65      0.16     -0.31      0.41    
  -0.13     -0.71      0.69      0.1      -0.34     -0.33    
  -0.13     -0.71      0.69      0.17     -0.13     -0.1     

CINERT
   0         0         0         0         0         0         0         0         0         0       
   0.051     0.98      1        -0.11     -0.069    -0.0021    2.3       0.28      0.18      5.9     
   0.015     1.2       1.2      -0.081     0.0028    0.00018   1.9       0.13     -0.0044    3.1     
   0.02      0.09      0.1      -0.024    -0.015    -0.0049    0.43      0.13      0.078     2.3     
   0.06      0.032     0.068    -0.0015   -0.00015  -0.00016   0.21      0.24      0.0047    6.6     
   0.056     0.18      0.22     -0.075    -0.021    -0.014    -0.69     -0.45     -0.15      4.8     
   0.085     0.76      0.84     -0.25      0.0089    0.0025   -1.4      -0.46      0.0064    2.8     
   0.067     0.64      0.7      -0.2       0.028     0.01     -0.85     -0.26      0.041     1.1     
   0.049     0.24      0.27      0.053    -0.027     0.012    -0.88      0.38     -0.15      4.8     
   0.0068    0.86      0.86     -0.034     0.0042    0.0013   -1.5      -0.049    -0.0016    2.8     
   0.014     0.7       0.71     -0.073     0.025     0.0022   -0.89     -0.093     0.035     1.1     
   0.05      0.26      0.3       0.095    -0.04      0.015     0.63     -0.26      0.099     1.7     
   0.067     0.013     0.078     0.017    -0.0015   -0.0024    0.073    -0.25     -0.0067    0.96    
   0.026     0.002     0.027    -0.0055   -0.00091  -0.0042   -0.018    -0.083    -0.014     0.27    
   0.096     0.24      0.33     -0.14      0.026     0.016     0.61      0.39     -0.069     1.7     
   0.085     0.012     0.092    -0.011     0.0013    0.012     0.041     0.28     -0.04      0.96    
   0.027     0.0042    0.03      0.0093   -0.0015    0.0043   -0.03      0.084    -0.014     0.27    

TEN_LENGTH
   0.28    
   0.26    

TEN_MOMENT
   0         0         0         0         0         0         0         0         0         0         0         0.5      -0.5       0         0         0         0         0         0         0         0         0         0         0         0         0         0       
   0         0         0         0         0         0         0         0         0         0         0         0         0         0         0         0         0         0.5      -0.5       0         0         0         0         0         0         0         0       

TENDON 0: 0 wrap points

TENDON 1: 0 wrap points

ACTUATOR_LENGTH
  -18      
   19      
  -11      
   5.7     
   11      
   40      
  -18      
  -2.8     
   5.1     
   0.56    
  -0.77    
   40      
  -14      
   1.5     
   5.3     
   10      
  -3.5     
  -70      
   13      
  -11      
  -70      

ACTUATOR_MOMENT
   0         0         0         0         0         0         0         40        0         0         0         0         0         0         0         0         0         0         0         0         0         0         0         0         0         0         0       
   0         0         0         0         0         0         40        0         0         0         0         0         0         0         0         0         0         0         0         0         0         0         0         0         0         0         0       
   0         0         0         0         0         0         0         0         40        0         0         0         0         0         0         0         0         0         0         0         0         0         0         0         0         0         0       
   0         0         0         0         0         0         0         0         0         40        0         0         0         0         0         0         0         0         0         0         0         0         0         0         0         0         0       
   0         0         0         0         0         0         0         0         0         0         40        0         0         0         0         0         0         0         0         0         0         0         0         0         0         0         0       
   0         0         0         0         0         0         0         0         0         0         0         1.2e+02   0         0         0         0         0         0         0         0         0         0         0         0         0         0         0       
   0         0         0         0         0         0         0         0         0         0         0         0         80        0         0         0         0         0         0         0         0         0         0         0         0         0         0       
   0         0         0         0         0         0         0         0         0         0         0         0         0         0         20        0         0         0         0         0         0         0         0         0         0         0         0       
   0         0         0         0         0         0         0         0         0         0         0         0         0         20        0         0         0         0         0         0         0         0         0         0         0         0         0       
   0         0         0         0         0         0         0         0         0         0         0         0         0         0         0         40        0         0         0         0         0         0         0         0         0         0         0       
   0         0         0         0         0         0         0         0         0         0         0         0         0         0         0         0         40        0         0         0         0         0         0         0         0         0         0       
   0         0         0         0         0         0         0         0         0         0         0         0         0         0         0         0         0         1.2e+02   0         0         0         0         0         0         0         0         0       
   0         0         0         0         0         0         0         0         0         0         0         0         0         0         0         0         0         0         80        0         0         0         0         0         0         0         0       
   0         0         0         0         0         0         0         0         0         0         0         0         0         0         0         0         0         0         0         0         20        0         0         0         0         0         0       
   0         0         0         0         0         0         0         0         0         0         0         0         0         0         0         0         0         0         0         20        0         0         0         0         0         0         0       
   0         0         0         0         0         0         0         0         0         0         0         0         0         0         0         0         0         0         0         0         0         20        0         0         0         0         0       
   0         0         0         0         0         0         0         0         0         0         0         0         0         0         0         0         0         0         0         0         0         0         20        0         0         0         0       
   0         0         0         0         0         0         0         0         0         0         0         0         0         0         0         0         0         0         0         0         0         0         0         40        0         0         0       
   0         0         0         0         0         0         0         0         0         0         0         0         0         0         0         0         0         0         0         0         0         0         0         0         20        0         0       
   0         0         0         0         0         0         0         0         0         0         0         0         0         0         0         0         0         0         0         0         0         0         0         0         0         20        0       
   0         0         0         0         0         0         0         0         0         0         0         0         0         0         0         0         0         0         0         0         0         0         0         0         0         0         40      

CRB
   0         0         0         0         0         0         0         0         0         0       
   0.77      6.2       6.8      -0.82     -0.079     0.047     4.4e-15   5.6e-17   4.4e-16   41      
   0.015     1.2       1.2      -0.081     0.0028    0.00018   1.9       0.13     -0.0044    3.1     
   0.36      3.5       3.8      -0.6       0.003     0.0089   -5.6      -0.56     -0.13      26      
   0.34      3.4       3.7      -0.57      0.018     0.014    -6        -0.69     -0.21      24      
   0.21      1.6       1.7      -0.52      0.016    -0.0014   -2.9      -1.2      -0.1       8.6     
   0.15      1.4       1.5      -0.44      0.037     0.012    -2.3      -0.73      0.047     3.9     
   0.067     0.64      0.7      -0.2       0.028     0.01     -0.85     -0.26      0.041     1.1     
   0.069     1.8       1.8      -0.054     0.0022    0.015    -3.3       0.24     -0.11      8.6     
   0.021     1.6       1.6      -0.11      0.03      0.0035   -2.4      -0.14      0.033     3.9     
   0.014     0.7       0.71     -0.073     0.025     0.0022   -0.89     -0.093     0.035     1.1     
   0.14      0.28      0.4       0.11     -0.042     0.0083    0.69     -0.59      0.079     2.9     
   0.093     0.015     0.1       0.011    -0.0025   -0.0067    0.055    -0.33     -0.02      1.2     
   0.026     0.002     0.027    -0.0055   -0.00091  -0.0042   -0.018    -0.083    -0.014     0.27    
   0.21      0.26      0.45     -0.14      0.026     0.032     0.62      0.75     -0.12      2.9     
   0.11      0.016     0.12     -0.0019   -0.00028   0.016     0.012     0.36     -0.054     1.2     
   0.027     0.0042    0.03      0.0093   -0.0015    0.0043   -0.03      0.084    -0.014     0.27    

QM
   41        0         0        -1.4      -1.5      -0.21     -0.21     -1.4      -2        -0.54      0.2       0.34     -0.23      0.01     -0.018     0.8      -0.31      0.16     -0.15      0.0034    0.019    -0.26      0.15      0.065    -0.097    -0.13     -0.0096  
   0         41        0         17        6.8       3.1       3        -1         8.8       2.9      -1.2      -0.93      0.24     -0.028     0.052    -2.9       1.1      -0.0033   -0.026    -0.0005   -0.055     0.79      0.021     0.014    -0.53     -0.57     -0.16    
   0         0         41       -6.6       17       -2.2      -2.1       12        0.00044   0.045    -0.32      3.1      -0.88      0.093     0.018     0.044     0.079     3.2      -0.93      0.099    -0.00069  -0.026    -0.83     -0.22      0.52     -0.61     -0.17    
  -1.4       17       -6.6       15        0.31      2.7       2.8      -4.4       7.6       2.7      -0.98     -1.9       0.64     -0.076     0.056    -2.7       1.1      -1.2       0.37     -0.047    -0.066     0.32      0.045     0.016    -0.29     -0.12     -0.039   
  -1.5       6.8       17        0.31      15       -0.93     -0.95      9.3       3.1       1.1      -0.75      2.4      -0.79      0.095     0.046    -1.1       0.51      3        -1         0.12     -0.028     0.13     -0.29     -0.11      0.1      -0.29     -0.11    
  -0.21      3.1      -2.2       2.7      -0.93      1.3       0.88     -1.6       1.3       0.41     -0.068    -0.85      0.28     -0.033     0.0045   -0.42      0.14     -0.27      0.11     -0.016    -0.01      0.07      0.25      0.075     0.058    -0.21     -0.063   
  -0.21      3        -2.1       2.8      -0.95      0.88      0.93     -1.6       1.4       0.43     -0.077    -0.87      0.28     -0.034     0.0049   -0.45      0.15     -0.28      0.12     -0.017    -0.011     0         0         0         0         0         0       
  -1.4      -1         12       -4.4       9.3      -1.6      -1.6       8        -0.43     -0.15     -0.18      2.4      -0.82      0.1       0.014     0.19     -0.0098    2.6      -0.88      0.11      0.0034    0         0         0         0         0         0       
  -2         8.8       0.00044   7.6       3.1       1.3       1.4      -0.43      5.3       1.9      -0.77     -0.73      0.26     -0.03      0.05     -1.9       0.78      0.066    -0.025     0.0013   -0.053     0         0         0         0         0         0       
  -0.54      2.9       0.045     2.7       1.1       0.41      0.43     -0.15      1.9       1.5      -0.62     -0.48      0.18     -0.023     0.042     0         0         0         0         0         0         0         0         0         0         0         0       
   0.2      -1.2      -0.32     -0.98     -0.75     -0.068    -0.077    -0.18     -0.77     -0.62      0.31      0.022    -0.005     7.5e-05  -0.018     0         0         0         0         0         0         0         0         0         0         0         0       
   0.34     -0.93      3.1      -1.9       2.4      -0.85     -0.87      2.4      -0.73     -0.48      0.022     1.8      -0.66      0.084    -0.00026   0         0         0         0         0         0         0         0         0         0         0         0       
  -0.23      0.24     -0.88      0.64     -0.79      0.28      0.28     -0.82      0.26      0.18     -0.005    -0.66      0.32     -0.046     0.00029   0         0         0         0         0         0         0         0         0         0         0         0       
   0.01     -0.028     0.093    -0.076     0.095    -0.033    -0.034     0.1      -0.03     -0.023     7.5e-05   0.084    -0.046     0.024     0.00027   0         0         0         0         0         0         0         0         0         0         0         0       
  -0.018     0.052     0.018     0.056     0.046     0.0045    0.0049    0.014     0.05      0.042    -0.018    -0.00026   0.00029   0.00027   0.015     0         0         0         0         0         0         0         0         0         0         0         0       
   0.8      -2.9       0.044    -2.7      -1.1      -0.42     -0.45      0.19     -1.9       0         0         0         0         0         0         1.5      -0.62      0.047    -0.018     0.002     0.045     0         0         0         0         0         0       
  -0.31      1.1       0.079     1.1       0.51      0.14      0.15     -0.0098    0.78      0         0         0         0         0         0        -0.62      0.28      0.031    -0.01      0.0014   -0.017     0         0         0         0         0         0       
   0.16     -0.0033    3.2      -1.2       3        -0.27     -0.28      2.6       0.066     0         0         0         0         0         0         0.047     0.031     1.8      -0.67      0.084     0.00017   0         0         0         0         0         0       
  -0.15     -0.026    -0.93      0.37     -1         0.11      0.12     -0.88     -0.025     0         0         0         0         0         0        -0.018    -0.01     -0.67      0.32     -0.047    -0.00014   0         0         0         0         0         0       
   0.0034   -0.0005    0.099    -0.047     0.12     -0.016    -0.017     0.11      0.0013    0         0         0         0         0         0         0.002     0.0014    0.084    -0.047     0.025    -0.00015   0         0         0         0         0         0       
   0.019    -0.055    -0.00069  -0.066    -0.028    -0.01     -0.011     0.0034   -0.053     0         0         0         0         0         0         0.045    -0.017     0.00017  -0.00014  -0.00015   0.015     0         0         0         0         0         0       
  -0.26      0.79     -0.026     0.32      0.13      0.07      0         0         0         0         0         0         0         0         0         0         0         0         0         0         0         0.37      1.1e-16   4.7e-17   0         0         0       
   0.15      0.021    -0.83      0.045    -0.29      0.25      0         0         0         0         0         0         0         0         0         0         0         0         0         0         0         1.1e-16   0.38      0.13      0         0         0       
   0.065     0.014    -0.22      0.016    -0.11      0.075     0         0         0         0         0         0         0         0         0         0         0         0         0         0         0         4.7e-17   0.13      0.068     0         0         0       
  -0.097    -0.53      0.52     -0.29      0.1       0.058     0         0         0         0         0         0         0         0         0         0         0         0         0         0         0         0         0         0         0.3       8.3e-17  -3.5e-18 
  -0.13     -0.57     -0.61     -0.12     -0.29     -0.21      0         0         0         0         0         0         0         0         0         0         0         0         0         0         0         0         0         0         8.3e-17   0.38      0.13    
  -0.0096   -0.16     -0.17     -0.039    -0.11     -0.063     0         0         0         0         0         0         0         0         0         0         0         0         0         0         0         0         0         0        -3.5e-18   0.13      0.068   

QLD
   28       -0.037     0.24     -0.82      3        -0.72      1.6      -2.2      -0.83     -0.29      0.63     -0.34     -0.89      0.44     -1.2       0.61     -1.1      -0.39     -0.62      0.15      1.2      -0.7       0.17      0.96     -0.32     -0.86     -0.14    
  -0.037     15        0.0088    1.3       1.7      -0.9       3.7      -0.45      3.4       2.3      -3.8      -1         0.79     -1.2       3.5      -2.2       4.1      -0.14     -0.12     -0.042    -3.7       2.1      -0.046     0.21     -1.8      -2        -2.4     
   0.24      0.0088    14       -0.29      1.3       0.099     0.24      3.3       0.075     0.73     -1.2       2.9      -3         3.8       1.2       0.013     0.067     3        -3.1       4        -0.046    -0.07     -3.1      -3.3       1.7      -2.2      -2.5     
  -0.82      1.3      -0.29      0.87      0.47      0.058     0.77     -0.74      1.8       1.5      -3.1      -1.4       2.1      -3.1       3.7      -1.7       3.8      -0.98      1.2      -1.9      -4.4       0.86      0.11      0.24     -0.96     -0.36     -0.57    
   3         1.7       1.3       0.47      0.66      0.0068    0.42      1.4       0.84      1.3      -2.6       1.7      -2.6       3.9       3.1      -0.77      1.6       2.2      -3.3       4.8      -1.9       0.34     -0.66     -1.6       0.33     -0.67     -1.6     
  -0.72     -0.9       0.099     0.058     0.0068    0.12      0.9      -0.087     0.45      0.41     -0.18     -0.64      0.92     -1.4       0.3      -0.52      0.52     -0.081     0.35     -0.67     -0.69      0.19      0.78      1.1       0.19     -0.67     -0.92    
   1.6       3.7       0.24      0.77      0.42      0.9       0.15     -0.1       0.48      0.43     -0.21     -0.66      0.94     -1.4       0.33     -0.54      0.55     -0.094     0.36     -0.69     -0.72      0         0         0         0         0         0       
  -2.2      -0.45      3.3      -0.74      1.4      -0.087    -0.1       0.83     -0.0063    0.38     -0.7       1.6      -2.7       4.1       0.92      0.015    -0.2       1.8      -2.9       4.4       0.22      0         0         0         0         0         0       
  -0.83      3.4       0.075     1.8       0.84      0.45      0.48     -0.0063    0.44      1.2      -2.5      -0.43      0.86     -1.3       3.3      -1.2       2.7       0.028    -0.1       0.034    -3.5       0         0         0         0         0         0       
  -0.29      2.3       0.73      1.5       1.3       0.41      0.43      0.38      1.2       0.16     -2        -0.27      0.57     -0.96      2.8       0         0         0         0         0         0         0         0         0         0         0         0       
   0.63     -3.8      -1.2      -3.1      -2.6      -0.18     -0.21     -0.7      -2.5      -2         0.28      0.027    -0.016     0.016    -1.2       0         0         0         0         0         0         0         0         0         0         0         0       
  -0.34     -1         2.9      -1.4       1.7      -0.64     -0.66      1.6      -0.43     -0.27      0.027     0.43     -2.1       3.4      -0.017     0         0         0         0         0         0         0         0         0         0         0         0       
  -0.89      0.79     -3         2.1      -2.6       0.92      0.94     -2.7       0.86      0.57     -0.016    -2.1       0.24     -1.9       0.019     0         0         0         0         0         0         0         0         0         0         0         0       
   0.44     -1.2       3.8      -3.1       3.9      -1.4      -1.4       4.1      -1.3      -0.96      0.016     3.4      -1.9       0.024     0.018     0         0         0         0         0         0         0         0         0         0         0         0       
  -1.2       3.5       1.2       3.7       3.1       0.3       0.33      0.92      3.3       2.8      -1.2      -0.017     0.019     0.018     0.015     0         0         0         0         0         0         0         0         0         0         0         0       
   0.61     -2.2       0.013    -1.7      -0.77     -0.52     -0.54      0.015    -1.2       0         0         0         0         0         0         0.18     -2.2       0.024    -0.055     0.098     3         0         0         0         0         0         0       
  -1.1       4.1       0.067     3.8       1.6       0.52      0.55     -0.2       2.7       0         0         0         0         0         0        -2.2       0.26      0.024    -0.033     0.049    -1.1       0         0         0         0         0         0       
  -0.39     -0.14      3        -0.98      2.2      -0.081    -0.094     1.8       0.028     0         0         0         0         0         0         0.024     0.024     0.42     -2.2       3.4       0.011     0         0         0         0         0         0       
  -0.62     -0.12     -3.1       1.2      -3.3       0.35      0.36     -2.9      -0.1       0         0         0         0         0         0        -0.055    -0.033    -2.2       0.24     -1.9      -0.0093    0         0         0         0         0         0       
   0.15     -0.042     4        -1.9       4.8      -0.67     -0.69      4.4       0.034     0         0         0         0         0         0         0.098     0.049     3.4      -1.9       0.025    -0.0098    0         0         0         0         0         0       
   1.2      -3.7      -0.046    -4.4      -1.9      -0.69     -0.72      0.22     -3.5       0         0         0         0         0         0         3        -1.1       0.011    -0.0093   -0.0098    0.015     0         0         0         0         0         0       
  -0.7       2.1      -0.07      0.86      0.34      0.19      0         0         0         0         0         0         0         0         0         0         0         0         0         0         0         0.37      1.6e-16   6.9e-16   0         0         0       
   0.17     -0.046    -3.1       0.11     -0.66      0.78      0         0         0         0         0         0         0         0         0         0         0         0         0         0         0         1.6e-16   0.13      1.9       0         0         0       
   0.96      0.21     -3.3       0.24     -1.6       1.1       0         0         0         0         0         0         0         0         0         0         0         0         0         0         0         6.9e-16   1.9       0.068     0         0         0       
  -0.32     -1.8       1.7      -0.96      0.33      0.19      0         0         0         0         0         0         0         0         0         0         0         0         0         0         0         0         0         0         0.3       6.9e-16  -5.1e-17 
  -0.86     -2        -2.2      -0.36     -0.67     -0.67      0         0         0         0         0         0         0         0         0         0         0         0         0         0         0         0         0         0         6.9e-16   0.13      1.9     
  -0.14     -2.4      -2.5      -0.57     -1.6      -0.92      0         0         0         0         0         0         0         0         0         0         0         0         0         0         0         0         0         0        -5.1e-17   1.9       0.068   

QLDIAGINV
   0.036   
   0.065   
   0.072   
   1.1     
   1.5     
   8.2     
   6.9     
   1.2     
   2.3     
   6.4     
   3.5     
   2.3     
   4.2     
   41      
   67      
   5.7     
   3.8     
   2.4     
   4.2     
   41      
   67      
   2.7     
   7.6     
   15      
   3.3     
   7.6     
   15      

QLDIAGSQRTINV
   0.19    
   0.25    
   0.27    
   1.1     
   1.2     
   2.9     
   2.6     
   1.1     
   1.5     
   2.5     
   1.9     
   1.5     
   2.1     
   6.4     
   8.2     
   2.4     
   1.9     
   1.5     
   2.1     
   6.4     
   8.2     
   1.6     
   2.8     
   3.8     
   1.8     
   2.8     
   3.8     

D_rownnz              27 27 27 27 27 27 21 21 21 15 15 15 15 15 15 15 15 15 15 15 15 9 9 9 9 9 9

D_rowadr              0 27 54 81 108 135 162 183 204 225 240 255 270 285 300 315 330 345 360 375 390 405 414 423 432 441 450

D_colind              0 1 2 3 4 5 6 7 8 9 10 11 12 13 14 15 16 17 18 19 20 21 22 23 24 25 26 0 1 2 3 4 5 6 7 8 9 10 11 12 13 14 15 16 17 18 19 20 21 22 23 24 25 26 0 1 2 3 4 5 6 7 8 9 10 11 12 13 14 15 16 17 18 19 20 21 22 23 24 25 26 0 1 2 3 4 5 6 7 8 9 10 11 12 13 14 15 16 17 18 19 20 21 22 23 24 25 26 0 1 2 3 4 5 6 7 8 9 10 11 12 13 14 15 16 17 18 19 20 21 22 23 24 25 26 0 1 2 3 4 5 6 7 8 9 10 11 12 13 14 15 16 17 18 19 20 21 22 23 24 25 26 0 1 2 3 4 5 6 7 8 9 10 11 12 13 14 15 16 17 18 19 20 0 1 2 3 4 5 6 7 8 9 10 11 12 13 14 15 16 17 18 19 20 0 1 2 3 4 5 6 7 8 9 10 11 12 13 14 15 16 17 18 19 20 0 1 2 3 4 5 6 7 8 9 10 11 12 13 14 0 1 2 3 4 5 6 7 8 9 10 11 12 13 14 0 1 2 3 4 5 6 7 8 9 10 11 12 13 14 0 1 2 3 4 5 6 7 8 9 10 11 12 13 14 0 1 2 3 4 5 6 7 8 9 10 11 12 13 14 0 1 2 3 4 5 6 7 8 9 10 11 12 13 14 0 1 2 3 4 5 6 7 8 15 16 17 18 19 20 0 1 2 3 4 5 6 7 8 15 16 17 18 19 20 0 1 2 3 4 5 6 7 8 15 16 17 18 19 20 0 1 2 3 4 5 6 7 8 15 16 17 18 19 20 0 1 2 3 4 5 6 7 8 15 16 17 18 19 20 0 1 2 3 4 5 6 7 8 15 16 17 18 19 20 0 1 2 3 4 5 21 22 23 0 1 2 3 4 5 21 22 23 0 1 2 3 4 5 21 22 23 0 1 2 3 4 5 24 25 26 0 1 2 3 4 5 24 25 26 0 1 2 3 4 5 24 25 26

B_rownnz              27 27 6 21 21 15 15 15 15 15 15 9 9 9 9 9 9

B_rowadr              0 27 54 60 81 102 117 132 147 162 177 192 201 210 219 228 237

B_colind              0 1 2 3 4 5 6 7 8 9 10 11 12 13 14 15 16 17 18 19 20 21 22 23 24 25 26 0 1 2 3 4 5 6 7 8 9 10 11 12 13 14 15 16 17 18 19 20 21 22 23 24 25 26 0 1 2 3 4 5 0 1 2 3 4 5 6 7 8 9 10 11 12 13 14 15 16 17 18 19 20 0 1 2 3 4 5 6 7 8 9 10 11 12 13 14 15 16 17 18 19 20 0 1 2 3 4 5 6 7 8 9 10 11 12 13 14 0 1 2 3 4 5 6 7 8 9 10 11 12 13 14 0 1 2 3 4 5 6 7 8 9 10 11 12 13 14 0 1 2 3 4 5 6 7 8 15 16 17 18 19 20 0 1 2 3 4 5 6 7 8 15 16 17 18 19 20 0 1 2 3 4 5 6 7 8 15 16 17 18 19 20 0 1 2 3 4 5 21 22 23 0 1 2 3 4 5 21 22 23 0 1 2 3 4 5 21 22 23 0 1 2 3 4 5 24 25 26 0 1 2 3 4 5 24 25 26 0 1 2 3 4 5 24 25 26

QDERIV
   0         0         0         0         0         0         0         0         0         0         0         0         0         0         0         0         0         0         0         0         0         0         0         0         0         0         0       
   0         0         0         0         0         0         0         0         0         0         0         0         0         0         0         0         0         0         0         0         0         0         0         0         0         0         0       
   0         0         0         0         0         0         0         0         0         0         0         0         0         0         0         0         0         0         0         0         0         0         0         0         0         0         0       
   0         0         0         0         0         0         0         0         0         0         0         0         0         0         0         0         0         0         0         0         0         0         0         0         0         0         0       
   0         0         0         0         0         0         0         0         0         0         0         0         0         0         0         0         0         0         0         0         0         0         0         0         0         0         0       
   0         0         0         0         0         0         0         0         0         0         0         0         0         0         0         0         0         0         0         0         0         0         0         0         0         0         0       
   0         0         0         0         0         0         0         0         0         0         0         0         0         0         0         0         0         0         0         0         0         0         0         0         0         0         0       
   0         0         0         0         0         0         0         0         0         0         0         0         0         0         0         0         0         0         0         0         0         0         0         0         0         0         0       
   0         0         0         0         0         0         0         0         0         0         0         0         0         0         0         0         0         0         0         0         0         0         0         0         0         0         0       
   0         0         0         0         0         0         0         0         0         0         0         0         0         0         0         0         0         0         0         0         0         0         0         0         0         0         0       
   0         0         0         0         0         0         0         0         0         0         0         0         0         0         0         0         0         0         0         0         0         0         0         0         0         0         0       
   0         0         0         0         0         0         0         0         0         0         0         0         0         0         0         0         0         0         0         0         0         0         0         0         0         0         0       
   0         0         0         0         0         0         0         0         0         0         0         0         0         0         0         0         0         0         0         0         0         0         0         0         0         0         0       
   0         0         0         0         0         0         0         0         0         0         0         0         0         0         0         0         0         0         0         0         0         0         0         0         0         0         0       
   0         0         0         0         0         0         0         0         0         0         0         0         0         0         0         0         0         0         0         0         0         0         0         0         0         0         0       
   0         0         0         0         0         0         0         0         0         0         0         0         0         0         0         0         0         0         0         0         0         0         0         0         0         0         0       
   0         0         0         0         0         0         0         0         0         0         0         0         0         0         0         0         0         0         0         0         0         0         0         0         0         0         0       
   0         0         0         0         0         0         0         0         0         0         0         0         0         0         0         0         0         0         0         0         0         0         0         0         0         0         0       
   0         0         0         0         0         0         0         0         0         0         0         0         0         0         0         0         0         0         0         0         0         0         0         0         0         0         0       
   0         0         0         0         0         0         0         0         0         0         0         0         0         0         0         0         0         0         0         0         0         0         0         0         0         0         0       
   0         0         0         0         0         0         0         0         0         0         0         0         0         0         0         0         0         0         0         0         0         0         0         0         0         0         0       
   0         0         0         0         0         0         0         0         0         0         0         0         0         0         0         0         0         0         0         0         0         0         0         0         0         0         0       
   0         0         0         0         0         0         0         0         0         0         0         0         0         0         0         0         0         0         0         0         0         0         0         0         0         0         0       
   0         0         0         0         0         0         0         0         0         0         0         0         0         0         0         0         0         0         0         0         0         0         0         0         0         0         0       
   0         0         0         0         0         0         0         0         0         0         0         0         0         0         0         0         0         0         0         0         0         0         0         0         0         0         0       
   0         0         0         0         0         0         0         0         0         0         0         0         0         0         0         0         0         0         0         0         0         0         0         0         0         0         0       
   0         0         0         0         0         0         0         0         0         0         0         0         0         0         0         0         0         0         0         0         0         0         0         0         0         0         0       

QLU
   0         0         0         0         0         0         0         0         0         0         0         0         0         0         0         0         0         0         0         0         0         0         0         0         0         0         0       
   0         0         0         0         0         0         0         0         0         0         0         0         0         0         0         0         0         0         0         0         0         0         0         0         0         0         0       
   0         0         0         0         0         0         0         0         0         0         0         0         0         0         0         0         0         0         0         0         0         0         0         0         0         0         0       
   0         0         0         0         0         0         0         0         0         0         0         0         0         0         0         0         0         0         0         0         0         0         0         0         0         0         0       
   0         0         0         0         0         0         0         0         0         0         0         0         0         0         0         0         0         0         0         0         0         0         0         0         0         0         0       
   0         0         0         0         0         0         0         0         0         0         0         0         0         0         0         0         0         0         0         0         0         0         0         0         0         0         0       
   0         0         0         0         0         0         0         0         0         0         0         0         0         0         0         0         0         0         0         0         0         0         0         0         0         0         0       
   0         0         0         0         0         0         0         0         0         0         0         0         0         0         0         0         0         0         0         0         0         0         0         0         0         0         0       
   0         0         0         0         0         0         0         0         0         0         0         0         0         0         0         0         0         0         0         0         0         0         0         0         0         0         0       
   0         0         0         0         0         0         0         0         0         0         0         0         0         0         0         0         0         0         0         0         0         0         0         0         0         0         0       
   0         0         0         0         0         0         0         0         0         0         0         0         0         0         0         0         0         0         0         0         0         0         0         0         0         0         0       
   0         0         0         0         0         0         0         0         0         0         0         0         0         0         0         0         0         0         0         0         0         0         0         0         0         0         0       
   0         0         0         0         0         0         0         0         0         0         0         0         0         0         0         0         0         0         0         0         0         0         0         0         0         0         0       
   0         0         0         0         0         0         0         0         0         0         0         0         0         0         0         0         0         0         0         0         0         0         0         0         0         0         0       
   0         0         0         0         0         0         0         0         0         0         0         0         0         0         0         0         0         0         0         0         0         0         0         0         0         0         0       
   0         0         0         0         0         0         0         0         0         0         0         0         0         0         0         0         0         0         0         0         0         0         0         0         0         0         0       
   0         0         0         0         0         0         0         0         0         0         0         0         0         0         0         0         0         0         0         0         0         0         0         0         0         0         0       
   0         0         0         0         0         0         0         0         0         0         0         0         0         0         0         0         0         0         0         0         0         0         0         0         0         0         0       
   0         0         0         0         0         0         0         0         0         0         0         0         0         0         0         0         0         0         0         0         0         0         0         0         0         0         0       
   0         0         0         0         0         0         0         0         0         0         0         0         0         0         0         0         0         0         0         0         0         0         0         0         0         0         0       
   0         0         0         0         0         0         0         0         0         0         0         0         0         0         0         0         0         0         0         0         0         0         0         0         0         0         0       
   0         0         0         0         0         0         0         0         0         0         0         0         0         0         0         0         0         0         0         0         0         0         0         0         0         0         0       
   0         0         0         0         0         0         0         0         0         0         0         0         0         0         0         0         0         0         0         0         0         0         0         0         0         0         0       
   0         0         0         0         0         0         0         0         0         0         0         0         0         0         0         0         0         0         0         0         0         0         0         0         0         0         0       
   0         0         0         0         0         0         0         0         0         0         0         0         0         0         0         0         0         0         0         0         0         0         0         0         0         0         0       
   0         0         0         0         0         0         0         0         0         0         0         0         0         0         0         0         0         0         0         0         0         0         0         0         0         0         0       
   0         0         0         0         0         0         0         0         0         0         0         0         0         0         0         0         0         0         0         0         0         0         0         0         0         0         0       

CONTACT
  0:
     dim           3
     geom          floor  head
     exclude       0
     efc_address   2
     solref         0.018     1       
     solimp         0.9       0.97      0.002     0.5       2       
     dist          -0.00042 
     includemargin  0       
     pos            1.4       0.086    -0.00021 
     frame          0         0         1         0         1         0        -1         0         0       
     friction       1         1         0.005     0.0001    0.0001  
     mu             1       
  1:
     dim           3
     geom          floor  thigh_right
     exclude       0
     efc_address   6
     solref         0.018     1       
     solimp         0.9       0.97      0.002     0.5       2       
     dist          -0.00013 
     includemargin  0       
     pos            0.76     -0.023    -6.4e-05 
     frame          0         0         1         0.99      0.15      0        -0.15      0.99      0       
     friction       1         1         0.005     0.0001    0.0001  
     mu             1       
  2:
     dim           3
     geom          floor  thigh_right
     exclude       0
     efc_address   10
     solref         0.018     1       
     solimp         0.9       0.97      0.002     0.5       2       
     dist          -0.00013 
     includemargin  0       
     pos            0.43     -0.076    -6.6e-05 
     frame          0         0         1         0.99      0.15      0        -0.15      0.99      0       
     friction       1         1         0.005     0.0001    0.0001  
     mu             1       
  3:
     dim           3
     geom          floor  foot1_right
     exclude       0
     efc_address   14
     solref         0.018     1       
     solimp         0.9       0.97      0.002     0.5       2       
     dist          -0.00023 
     includemargin  0       
     pos           -0.051    -0.2      -0.00011 
     frame          0         0         1         1        -0.093     0         0.093     1        -0       
     friction       1         1         0.005     0.0001    0.0001  
     mu             1       
  4:
     dim           3
     geom          floor  thigh_left
     exclude       0
     efc_address   18
     solref         0.018     1       
     solimp         0.9       0.97      0.002     0.5       2       
     dist          -0.0002  
     includemargin  0       
     pos            0.72      0.17     -9.8e-05 
     frame          0         0         1         0.96      0.27      0        -0.27      0.96      0       
     friction       1         1         0.005     0.0001    0.0001  
     mu             1       
  5:
     dim           3
     geom          floor  thigh_left
     exclude       0
     efc_address   22
     solref         0.018     1       
     solimp         0.9       0.97      0.002     0.5       2       
     dist          -0.00014 
     includemargin  0       
     pos            0.39      0.078    -7e-05   
     frame          0         0         1         0.96      0.27      0        -0.27      0.96      0       
     friction       1         1         0.005     0.0001    0.0001  
     mu             1       
  6:
     dim           3
     geom          floor  foot1_left
     exclude       0
     efc_address   26
     solref         0.018     1       
     solimp         0.9       0.97      0.002     0.5       2       
     dist          -0.00026 
     includemargin  0       
     pos           -0.081    -0.079    -0.00013 
     frame          0         0         1         0.87      0.5       0        -0.5       0.87      0       
     friction       1         1         0.005     0.0001    0.0001  
     mu             1       
  7:
     dim           3
     geom          floor  hand_right
     exclude       0
     efc_address   30
     solref         0.018     1       
     solimp         0.9       0.97      0.002     0.5       2       
     dist          -0.00036 
     includemargin  0       
     pos            0.67     -0.26     -0.00018 
     frame          0         0         1         0         1         0        -1         0         0       
     friction       1         1         0.005     0.0001    0.0001  
     mu             1       
  8:
     dim           3
     geom          floor  hand_left
     exclude       0
     efc_address   34
     solref         0.018     1       
     solimp         0.9       0.97      0.002     0.5       2       
     dist          -0.0004  
     includemargin  0       
     pos            0.63      0.36     -0.0002  
     frame          0         0         1         0         1         0        -1         0         0       
     friction       1         1         0.005     0.0001    0.0001  
     mu             1       

EFC_TYPE
  3
  3
  6
  6
  6
  6
  6
  6
  6
  6
  6
  6
  6
  6
  6
  6
  6
  6
  6
  6
  6
  6
  6
  6
  6
  6
  6
  6
  6
  6
  6
  6
  6
  6
  6
  6
  6
  6

EFC_ID
  18
  21
  0
  0
  0
  0
  1
  1
  1
  1
  2
  2
  2
  2
  3
  3
  3
  3
  4
  4
  4
  4
  5
  5
  5
  5
  6
  6
  6
  6
  7
  7
  7
  7
  8
  8
  8
  8

EFC_J
   0         0         0         0         0         0         0         0         0         0         0         0         0         0         0         0         0         0         0         0         0         0         0         1         0         0         0       
   0         0         0         0         0         0         0         0         0         0         0         0         0         0         0         0         0         0         0         0         0         0         0         0         0         0         1       
   0         1         1        -0.12     -0.25      0.089     0         0         0         0         0         0         0         0         0         0         0         0         0         0         0         0         0         0         0         0         0       
   0        -1         1         0.26     -0.1      -0.089     0         0         0         0         0         0         0         0         0         0         0         0         0         0         0         0         0         0         0         0         0       
  -1         0         1         0.032    -0.069    -0.0017    0         0         0         0         0         0         0         0         0         0         0         0         0         0         0         0         0         0         0         0         0       
   1         0         1         0.11     -0.28      0.0017    0         0         0         0         0         0         0         0         0         0         0         0         0         0         0         0         0         0         0         0         0       
   0.99      0.15      1        -0.15      0.27     -0.11     -0.11      0.09     -0.14     -0.0014    0.0044   -0.057     0         0         0         0         0         0         0         0         0         0         0         0         0         0         0       
  -0.99     -0.15      1        -0.14      0.52     -0.13     -0.14      0.36      0.074     0.0014   -0.0044    0.057     0         0         0         0         0         0         0         0         0         0         0         0         0         0         0       
  -0.15      0.99      1         0.24      0.57      0.043     0.049     0.23      0.12      0.019     0.057    -0.0018    0         0         0         0         0         0         0         0         0         0         0         0         0         0         0       
   0.15     -0.99      1        -0.52      0.22     -0.28     -0.3       0.22     -0.18     -0.019    -0.057     0.0018    0         0         0         0         0         0         0         0         0         0         0         0         0         0         0       
   0.99      0.15      1        -0.27      0.59     -0.16     -0.17      0.42     -0.13      0.0067   -0.021     0.27      0         0         0         0         0         0         0         0         0         0         0         0         0         0         0       
  -0.99     -0.15      1        -0.26      0.83     -0.19     -0.2       0.69      0.082     0.0095   -0.029     0.38      0         0         0         0         0         0         0         0         0         0         0         0         0         0         0       
  -0.15      0.99      1         0.43      1         0.027     0.032     0.53      0.45      0.35     -0.077     0.22      0         0         0         0         0         0         0         0         0         0         0         0         0         0         0       
   0.15     -0.99      1        -0.96      0.41     -0.38     -0.4       0.58     -0.5      -0.33      0.028     0.43      0         0         0         0         0         0         0         0         0         0         0         0         0         0         0       
   1        -0.093     1        -0.75      0.9      -0.37     -0.37      0.92     -0.41     -0.24     -0.037     0.81     -0.42      0.023    -0.046     0         0         0         0         0         0         0         0         0         0         0         0       
  -1         0.093     1        -0.098     1.4      -0.25     -0.26      1.1       0.35      0.25     -0.18      0.77     -0.44      0.22      0.1       0         0         0         0         0         0         0         0         0         0         0         0       
   0.093     1         1         0.67      1.6      -0.053    -0.047     0.93      0.84      0.77     -0.31      0.54     -0.29      0.054     0.1       0         0         0         0         0         0         0         0         0         0         0         0       
  -0.093    -1         1        -1.5       0.72     -0.57     -0.58      1.1      -0.9      -0.77      0.09      1        -0.58      0.19     -0.043     0         0         0         0         0         0         0         0         0         0         0         0       
   0.96      0.27      1         0.043     0.41      0.13      0.13      0.12      0.13      0         0         0         0         0         0        -0.00097  -0.0019   -0.06      0         0         0         0         0         0         0         0         0       
  -0.96     -0.27      1        -0.41      0.46      0.015     0.0086    0.43     -0.07      0         0         0         0         0         0         0.00097   0.0019    0.06      0         0         0         0         0         0         0         0         0       
  -0.27      0.96      1         0.18      0.62      0.23      0.24      0.3       0.19      0         0         0         0         0         0        -0.019    -0.057     0.0018    0         0         0         0         0         0         0         0         0       
   0.27     -0.96      1        -0.55      0.25     -0.087    -0.099     0.25     -0.12      0         0         0         0         0         0         0.019     0.057    -0.0018    0         0         0         0         0         0         0         0         0       
   0.96      0.27      1        -0.068     0.71      0.032     0.03      0.45      0.13      0         0         0         0         0         0         0.0045    0.009     0.28      0         0         0         0         0         0         0         0         0       
  -0.96     -0.27      1        -0.52      0.76     -0.084    -0.09      0.75     -0.075     0         0         0         0         0         0         0.0065    0.013     0.4       0         0         0         0         0         0         0         0         0       
  -0.27      0.96      1         0.39      1         0.17      0.18      0.59      0.5       0         0         0         0         0         0        -0.34      0.064     0.34      0         0         0         0         0         0         0         0         0       
   0.27     -0.96      1        -0.98      0.43     -0.23     -0.24      0.61     -0.45      0         0         0         0         0         0         0.35     -0.043     0.34      0         0         0         0         0         0         0         0         0       
   0.87      0.5       1         0.019     1.3      -0.075    -0.075     0.91      0.32      0         0         0         0         0         0        -0.15      0.09      0.77     -0.4       0.015     0.01      0         0         0         0         0         0       
  -0.87     -0.5       1        -0.92      1.1      -0.31     -0.31      1.2      -0.29      0         0         0         0         0         0         0.19      0.006     0.89     -0.51      0.24     -0.011     0         0         0         0         0         0       
  -0.5       0.87      1         0.6       1.7       0.05      0.054     1         0.91      0         0         0         0         0         0        -0.77      0.26      0.84     -0.46      0.16     -0.1       0         0         0         0         0         0       
   0.5      -0.87      1        -1.5       0.69     -0.43     -0.44      1.1      -0.89      0         0         0         0         0         0         0.81     -0.16      0.83     -0.44      0.1       0.1       0         0         0         0         0         0       
   0         1         1         0.31      0.67     -0.19      0         0         0         0         0         0         0         0         0         0         0         0         0         0         0         0.58     -0.57     -0.27      0         0         0       
   0        -1         1        -0.61      0.3      -0.53      0         0         0         0         0         0         0         0         0         0         0         0         0         0         0        -0.62     -0.64     -0.33      0         0         0       
  -1         0         1         0.13      0.72     -0.32      0         0         0         0         0         0         0         0         0         0         0         0         0         0         0         0.18     -0.77     -0.42      0         0         0       
   1         0         1        -0.43      0.25     -0.4       0         0         0         0         0         0         0         0         0         0         0         0         0         0         0        -0.22     -0.44     -0.17      0         0         0       
   0         1         1         0.26      0.71      0.43      0         0         0         0         0         0         0         0         0         0         0         0         0         0         0         0         0         0        -0.023    -0.88     -0.45    
   0        -1         1        -0.74      0.3       0.074     0         0         0         0         0         0         0         0         0         0         0         0         0         0         0         0         0         0         0.8      -0.02     -0.0027  
  -1         0         1        -0.53      0.51      0.22      0         0         0         0         0         0         0         0         0         0         0         0         0         0         0         0         0         0         0.49     -0.4      -0.24    
   1         0         1         0.047     0.5       0.29      0         0         0         0         0         0         0         0         0         0         0         0         0         0         0         0         0         0         0.29     -0.49     -0.21    

EFC_POS
  -0.0066  
  -0.0064  
  -0.00042 
  -0.00042 
  -0.00042 
  -0.00042 
  -0.00013 
  -0.00013 
  -0.00013 
  -0.00013 
  -0.00013 
  -0.00013 
  -0.00013 
  -0.00013 
  -0.00023 
  -0.00023 
  -0.00023 
  -0.00023 
  -0.0002  
  -0.0002  
  -0.0002  
  -0.0002  
  -0.00014 
  -0.00014 
  -0.00014 
  -0.00014 
  -0.00026 
  -0.00026 
  -0.00026 
  -0.00026 
  -0.00036 
  -0.00036 
  -0.00036 
  -0.00036 
  -0.0004  
  -0.0004  
  -0.0004  
  -0.0004  

EFC_MARGIN
   0       
   0       
   0       
   0       
   0       
   0       
   0       
   0       
   0       
   0       
   0       
   0       
   0       
   0       
   0       
   0       
   0       
   0       
   0       
   0       
   0       
   0       
   0       
   0       
   0       
   0       
   0       
   0       
   0       
   0       
   0       
   0       
   0       
   0       
   0       
   0       
   0       
   0       

EFC_FRICTIONLOSS
   0       
   0       
   0       
   0       
   0       
   0       
   0       
   0       
   0       
   0       
   0       
   0       
   0       
   0       
   0       
   0       
   0       
   0       
   0       
   0       
   0       
   0       
   0       
   0       
   0       
   0       
   0       
   0       
   0       
   0       
   0       
   0       
   0       
   0       
   0       
   0       
   0       
   0       

EFC_DIAGAPPROX
   20      
   20      
   0.48    
   0.48    
   0.48    
   0.48    
   0.3     
   0.3     
   0.3     
   0.3     
   0.3     
   0.3     
   0.3     
   0.3     
   1.5     
   1.5     
   1.5     
   1.5     
   0.3     
   0.3     
   0.3     
   0.3     
   0.3     
   0.3     
   0.3     
   0.3     
   1.5     
   1.5     
   1.5     
   1.5     
   3.3     
   3.3     
   3.3     
   3.3     
   3.3     
   3.3     
   3.3     
   3.3     

EFC_KBIP
   2.6e+03   1e+02     0.76     -1.4e+02 
   2.6e+03   1e+02     0.73     -1.4e+02 
   3.5e+03   1.2e+02   0.91     -29      
   3.5e+03   1.2e+02   0.91     -29      
   3.5e+03   1.2e+02   0.91     -29      
   3.5e+03   1.2e+02   0.91     -29      
   3.5e+03   1.2e+02   0.9      -9       
   3.5e+03   1.2e+02   0.9      -9       
   3.5e+03   1.2e+02   0.9      -9       
   3.5e+03   1.2e+02   0.9      -9       
   3.5e+03   1.2e+02   0.9      -9.2     
   3.5e+03   1.2e+02   0.9      -9.2     
   3.5e+03   1.2e+02   0.9      -9.2     
   3.5e+03   1.2e+02   0.9      -9.2     
   3.5e+03   1.2e+02   0.9      -16      
   3.5e+03   1.2e+02   0.9      -16      
   3.5e+03   1.2e+02   0.9      -16      
   3.5e+03   1.2e+02   0.9      -16      
   3.5e+03   1.2e+02   0.9      -14      
   3.5e+03   1.2e+02   0.9      -14      
   3.5e+03   1.2e+02   0.9      -14      
   3.5e+03   1.2e+02   0.9      -14      
   3.5e+03   1.2e+02   0.9      -9.8     
   3.5e+03   1.2e+02   0.9      -9.8     
   3.5e+03   1.2e+02   0.9      -9.8     
   3.5e+03   1.2e+02   0.9      -9.8     
   3.5e+03   1.2e+02   0.9      -18      
   3.5e+03   1.2e+02   0.9      -18      
   3.5e+03   1.2e+02   0.9      -18      
   3.5e+03   1.2e+02   0.9      -18      
   3.5e+03   1.2e+02   0.9      -25      
   3.5e+03   1.2e+02   0.9      -25      
   3.5e+03   1.2e+02   0.9      -25      
   3.5e+03   1.2e+02   0.9      -25      
   3.5e+03   1.2e+02   0.91     -28      
   3.5e+03   1.2e+02   0.91     -28      
   3.5e+03   1.2e+02   0.91     -28      
   3.5e+03   1.2e+02   0.91     -28      

EFC_D
   0.16    
   0.13    
   20      
   20      
   20      
   20      
   30      
   30      
   30      
   30      
   30      
   30      
   30      
   30      
   6.3     
   6.3     
   6.3     
   6.3     
   31      
   31      
   31      
   31      
   30      
   30      
   30      
   30      
   6.3     
   6.3     
   6.3     
   6.3     
   2.9     
   2.9     
   2.9     
   2.9     
   2.9     
   2.9     
   2.9     
   2.9     

EFC_R
   6.4     
   7.5     
   0.049   
   0.049   
   0.049   
   0.049   
   0.033   
   0.033   
   0.033   
   0.033   
   0.033   
   0.033   
   0.033   
   0.033   
   0.16    
   0.16    
   0.16    
   0.16    
   0.033   
   0.033   
   0.033   
   0.033   
   0.033   
   0.033   
   0.033   
   0.033   
   0.16    
   0.16    
   0.16    
   0.16    
   0.34    
   0.34    
   0.34    
   0.34    
   0.34    
   0.34    
   0.34    
   0.34    

TEN_VELOCITY
  -0.00041 
  -0.00024 

ACTUATOR_VELOCITY
  -0.039   
  -0.058   
   0.35    
   0.35    
  -0.051   
  -0.037   
   0.041   
   0.075   
   0.032   
  -0.14    
   0.12    
  -0.0043  
   0.035   
  -0.049   
   0.025   
   0.1     
   0.018   
   5.1e-05 
  -0.11    
  -0.098   
  -8e-05   

CVEL
   0         0         0         0         0         0       
  -0.0012    0.0003    0.0088    0.0007   -0.0028    0.00024 
  -0.0012    0.0003    0.0088    0.0007   -0.0028    0.00024 
  -0.0027   -0.00064   0.0089    0.00075  -0.0029    8e-05   
   1.6e-05  -4.2e-06   0.00073   0.00026  -0.0018   -6e-07   
   0.0017    0.00026  -0.0081    0.00087  -0.0016    0.00012 
   0.0018   -0.00022  -0.0083    0.00087  -0.0017    0.0003  
   0.0013    0.0024   -0.011     0.0014   -0.0038   -0.0016  
  -0.0016   -0.00047  -0.0036   -0.0003   -0.0018    0.00022 
  -0.0015   -0.0009   -0.0036   -0.00032  -0.0018    0.00038 
  -0.0018    0.00035  -0.006    -0.00019  -0.0036   -0.00051 
   0.00051  -0.00023   0.0041    0.0013   -0.00021   0.00017 
   0.00051  -0.00023   0.0041    0.0013   -0.00021   0.00017 
   0.00051  -0.00023   0.0041    0.0013   -0.00021   0.00017 
   0.0011    6.2e-05   0.002    -0.0007    0.00057  -0.00035 
   0.0011    6.3e-05   0.002    -0.0007    0.00057  -0.00035 
   0.0011    6.3e-05   0.002    -0.0007    0.00057  -0.00035 

CDOF_DOT
   0         0         0         0         0         0       
   0         0         0         0         0         0       
   0         0         0         0         0         0       
   0         0         0        -0.0011    0.00027   3.1e-05 
  -0         0         0        -0.0005    0.00011   0.00032 
   0         0        -0        -0.00015   8.8e-05  -0.0012  
   0.00013   0.0086   -0.00027  -0.00043   0.0002    0.0026  
  -0.009     0.0005   -0.0027   -0.00031   0.00017   0.00086 
  -5e-05     0.00025   2.5e-06   0.0016    0.0002    0.00058 
  -5e-05     0.00025   2.5e-06   0.0017    0.00029   0.00057 
   0.00076  -0.0081   -0.0004   -0.00078  -0.00011   0.0015  
   0.0077    0.00092   0.0016   -0.00061  -0.00037   0.00052 
  -0.0077   -0.00092  -0.0016   -0.00022  -0.00038  -0.00072 
   0.0077    0.00092   0.0016    0.00098   0.0016    0.00085 
   0.0011    0.0018    0.00051  -0.004    -0.00046  -0.0011  
   5e-05    -0.00025  -2.5e-06  -0.0017   -0.00016  -0.00057 
  -0.00067   0.0027   -2.5e-05   0.00066   7.2e-05  -0.0016  
   0.0034    0.0009   -0.0017   -0.00021  -0.00015  -0.00074 
  -0.0034   -0.0009    0.0017    1.7e-05   0.00076   0.00074 
   0.0034    0.0009   -0.0017    0.00024  -0.0011   -0.00078 
   0.00025   0.0019    3.7e-05   0.00081   0.00061  -0.0014  
  -0.00087   0.0014   -0.00017  -0.0019    0.0017    0.0002  
   0.0039    0.0013   -0.00041   0.00022   0.00053  -0.0011  
   0.0039    0.0013   -0.00041   0.00017   0.0002   -0.0011  
  -0.0059   -0.002    -0.00077   0.0009    0.0014   -6.1e-05 
   0.0014   -0.001    -0.00078   0.00079   0.0011    0.00019 
   0.0014   -0.001    -0.00078   0.0004    0.00097   0.00042 

QFRC_BIAS
   0.0009  
   2.2e-06 
   4e+02   
  -65      
   1.7e+02 
  -21      
  -21      
   1.2e+02 
   0.0042  
   0.44    
  -3.2     
   30      
  -8.6     
   0.92    
   0.17    
   0.43    
   0.78    
   32      
  -9.1     
   0.97    
  -0.0068  
  -0.26    
  -8.2     
  -2.2     
   5.1     
  -6       
  -1.6     

QFRC_PASSIVE
   0       
   0       
   0       
   0       
   0       
   0       
  -9.4     
   4.4     
   2.7     
  -1.5     
  -2.8     
  -3.3     
   0.22    
  -1.5     
   0.42    
  -0.12    
   0.18    
  -3.3     
   0.18    
  -1.6     
  -0.23    
  -0.52    
   0.18    
  -2.6e-07 
  -0.66    
   0.53    
   4e-07   

EFC_VEL
   1.3e-06 
  -2e-06   
   0.0027  
  -0.0027  
  -0.0003  
   0.0003  
   3.2e-05 
  -3.5e-05 
  -0.0017  
   0.0017  
   3.4e-05 
  -3.4e-05 
   0.0011  
  -0.0011  
  -0.002   
   0.002   
   0.0051  
  -0.0051  
  -0.00033 
   0.00033 
  -0.0019  
   0.0019  
  -0.00033 
   0.00033 
  -0.00064 
   0.00064 
  -0.00027 
   0.00027 
   0.0015  
  -0.0015  
  -0.00044 
   0.00044 
  -0.0026  
   0.0026  
   0.00045 
  -0.00045 
   0.0013  
  -0.0013  

EFC_AREF
   13      
   12      
   1       
   1.6     
   1.4     
   1.3     
   0.4     
   0.41    
   0.6     
   0.21    
   0.41    
   0.42    
   0.28    
   0.54    
   0.96    
   0.48    
   0.12    
   1.3     
   0.65    
   0.58    
   0.83    
   0.4     
   0.48    
   0.4     
   0.51    
   0.36    
   0.84    
   0.78    
   0.64    
   0.98    
   1.2     
   1.1     
   1.4     
   0.84    
   1.2     
   1.3     
   1.1     
   1.4     

SUBTREE_LINVEL
   0         0         0       
   0         0         0       
   0         0         0       
   0         0         0       
   0         0         0       
   0         0         0       
   0         0         0       
   0         0         0       
   0         0         0       
   0         0         0       
   0         0         0       
   0         0         0       
   0         0         0       
   0         0         0       
   0         0         0       
   0         0         0       
   0         0         0       

SUBTREE_ANGMOM
   0         0         0       
   0         0         0       
   0         0         0       
   0         0         0       
   0         0         0       
   0         0         0       
   0         0         0       
   0         0         0       
   0         0         0       
   0         0         0       
   0         0         0       
   0         0         0       
   0         0         0       
   0         0         0       
   0         0         0       
   0         0         0       
   0         0         0       

ACTUATOR_FORCE
  -0.44    
   0.21    
   0.08    
   0.26    
   0       
   0       
   0       
   0       
   0       
   0       
   0       
   0       
   0       
   0       
   0       
   0       
   0       
   0       
   0       
   0       
   0       

QFRC_ACTUATOR
   0       
   0       
   0       
   0       
   0       
   0       
   8.4     
  -18      
   3.2     
   10      
   0       
   0       
   0       
   0       
   0       
   0       
   0       
   0       
   0       
   0       
   0       
   0       
   0       
   0       
   0       
   0       
   0       

QFRC_SMOOTH
  -0.0009  
  -2.2e-06 
  -4e+02   
   65      
  -1.7e+02 
   21      
   20      
  -1.3e+02 
   5.9     
   8.5     
   0.41    
  -33      
   8.8     
  -2.4     
   0.25    
  -0.55    
  -0.6     
  -35      
   9.3     
  -2.5     
  -0.22    
  -0.27    
   8.3     
   2.2     
  -5.7     
   6.5     
   1.6     

QACC_SMOOTH
  -2.7     
   0.36    
  -8.7     
  -24      
   41      
   10      
  -26      
  -91      
   0.89    
   36      
   34      
   28      
  -40      
  -87      
   11      
  -8.6     
  -9.2     
   36      
  -23      
  -92      
  -13      
   0.66    
   27      
   13      
  -43      
   31      
   4.3     

EFC_B
  -0.064   
  -7.5     
  -16      
  -22      
  -11      
  -27      
  -5       
  -11      
  -9.8     
  -5.9     
  -10      
  -16      
  -9.4     
  -16      
  -7.5     
  -21      
  -1.9     
  -27      
  -12      
  -15      
  -17      
  -8.9     
  -12      
  -15      
  -16      
  -11      
  -5.1     
  -26      
  -17      
  -14      
  -9.8     
  -11      
  -10      
  -10      
  -9.8     
  -14      
  -5.4     
  -19      

EFC_FORCE
   2       
   1.6     
   20      
   33      
   28      
   26      
   12      
   12      
   18      
   6.3     
   12      
   13      
   8.6     
   16      
   6       
   3       
   0.76    
   8.3     
   20      
   18      
   25      
   12      
   14      
   12      
   16      
   11      
   5.3     
   4.9     
   4       
   6.2     
   3.5     
   3.2     
   4.2     
   2.4     
   3.5     
   3.8     
   3.2     
   4.1     

EFC_STATE
  1
  1
  1
  1
  1
  1
  1
  1
  1
  1
  1
  1
  1
  1
  1
  1
  1
  1
  1
  1
  1
  1
  1
  1
  1
  1
  1
  1
  1
  1
  1
  1
  1
  1
  1
  1
  1
  1

QFRC_CONSTRAINT
  -0.00046 
  -7.3e-05 
   4e+02   
  -65      
   1.7e+02 
  -21      
  -20      
   1.3e+02 
  -5.9     
  -8.5     
  -0.41    
   33      
  -8.8     
   2.4     
  -0.25    
   0.55    
   0.6     
   35      
  -9.3     
   2.5     
   0.22    
   0.27    
  -8.3     
  -2.2     
   5.7     
  -6.5     
  -1.6     

QFRC_INVERSE
   0       
   0       
   0       
   0       
   0       
   0       
   0       
   0       
   0       
   0       
   0       
   0       
   0       
   0       
   0       
   0       
   0       
   0       
   0       
   0       
   0       
   0       
   0       
   0       
   0       
   0       
   0       

CACC
   0         0         0         0         0         0       
   0         0         0         0         0         0       
   0         0         0         0         0         0       
   0         0         0         0         0         0       
   0         0         0         0         0         0       
   0         0         0         0         0         0       
   0         0         0         0         0         0       
   0         0         0         0         0         0       
   0         0         0         0         0         0       
   0         0         0         0         0         0       
   0         0         0         0         0         0       
   0         0         0         0         0         0       
   0         0         0         0         0         0       
   0         0         0         0         0         0       
   0         0         0         0         0         0       
   0         0         0         0         0         0       
   0         0         0         0         0         0       

CFRC_INT
   0         0         0         0         0         0       
   0         0         0         0         0         0       
   0         0         0         0         0         0       
   0         0         0         0         0         0       
   0         0         0         0         0         0       
   0         0         0         0         0         0       
   0         0         0         0         0         0       
   0         0         0         0         0         0       
   0         0         0         0         0         0       
   0         0         0         0         0         0       
   0         0         0         0         0         0       
   0         0         0         0         0         0       
   0         0         0         0         0         0       
   0         0         0         0         0         0       
   0         0         0         0         0         0       
   0         0         0         0         0         0       
   0         0         0         0         0         0       

CFRC_EXT
   0         0         0         0         0         0       
   0         0         0         0         0         0       
   0         0         0         0         0         0       
   0         0         0         0         0         0       
   0         0         0         0         0         0       
   0         0         0         0         0         0       
   0         0         0         0         0         0       
   0         0         0         0         0         0       
   0         0         0         0         0         0       
   0         0         0         0         0         0       
   0         0         0         0         0         0       
   0         0         0         0         0         0       
   0         0         0         0         0         0       
   0         0         0         0         0         0       
   0         0         0         0         0         0       
   0         0         0         0         0         0       
   0         0         0         0         0         0       

